learningRate: 0.05
architecture: 8,32,4
activation: 0
weights: 
   -0.433515     0.033845      0.80932    -0.803034     0.865169     0.162755     0.861141     0.977966     -0.43675    -0.212317     0.130955     0.452925    -0.466842    -0.993408     0.791681     0.154149    -0.168554     0.804498    -0.511948     0.938719     0.396344    -0.781487     -0.68218    -0.133702    -0.797479     0.757866    -0.824885     0.613086   -0.0648518    -0.111606    0.0207831    -0.267739            0
  -0.0354338     0.892777    -0.705768    -0.350265     0.474747    -0.582121      0.14019    -0.253575    -0.732895     0.145159      1.00926     0.422821    -0.567818    -0.644207     0.605755      1.01949     0.319029    -0.341538     0.468798    0.0467935   -0.0981969    -0.788822     0.615809    -0.467887      -0.9598     0.327349     0.512148    -0.893561    0.0587707    -0.375022    -0.433955     0.059181   -0.0971397
    0.696524    -0.112339     0.256874    -0.149144      0.23014   -0.0621052      0.17954     0.136082    -0.909848     0.358745    -0.821284     0.453658     0.777337     0.392254      0.78869     0.470504    -0.267922     -0.57915    -0.677175     0.182531    -0.887814     0.954527     0.200476    -0.682241    -0.316263     -0.09653     0.542283    -0.443342    -0.612354      0.44908    0.0986663    -0.619312            0
    0.378999     0.692288    -0.209322    -0.691718    -0.865501     0.533588    -0.770482     0.738949      0.16304    -0.639226     0.381058     0.274295     0.879162     -1.00487      0.74987      0.34646    -0.205128      0.35149     0.963988    -0.437956     0.666407    -0.736294     0.381985    -0.418074     0.883974     -0.79494     0.908803    -0.635448    -0.152652     0.396688    -0.811309     0.521135    0.0774155
   -0.498331     0.731534    -0.595795   -0.0294445     0.126641    -0.431185     0.827182    -0.169838     0.292806    0.0942893     0.454793    -0.351784    -0.376573    -0.933939    -0.600221    -0.451156     0.270623    -0.525121    -0.169202     0.716182     0.408705     0.604633    -0.408779     0.194033    -0.183694     0.692595     0.201416     0.273152     0.395441      -1.1685     0.510384      1.21103 -0.000165198
    -0.25602    -0.313883     0.195105     0.789178    -0.523728     -0.77398     0.381512    -0.385662    -0.475326     0.914792    -0.660634    -0.662832    -0.470077    -0.919065     0.013947     0.931272    -0.631642     0.941099    -0.205054    -0.459456    -0.093112     0.685537     0.453597     0.333476    -0.300394     0.865596     0.801752     0.313639    -0.561815    -0.356304       0.3867     -0.84991            0
   -0.912961   -0.0400708    -0.264199     0.420209     0.820612     0.483871     0.209632     0.270302     0.101169     0.530869     0.157567     0.782037    -0.152928    -0.751213     0.373943    -0.948363     0.660939      0.45024     0.835017     0.616749    -0.186132     0.603992     0.138462     0.144871     0.406598     0.924375     0.775262     0.251198     -0.73278    -0.129795    -0.704154    -0.742363            0
   -0.421491     0.658315    -0.247291    -0.849361    -0.519028    -0.403119      0.53325    -0.653676    -0.680654    -0.129978    0.0879849    -0.194861    -0.183935     0.632984     0.144261     0.188513    -0.530747    -0.937864    -0.663015   -0.0253609    -0.151097    -0.368999    -0.860347    -0.357707     0.365398    -0.907834     0.299051     -0.53209     0.823847     0.230201     0.586413    -0.501572            0
  -0.0667799    -0.637701     0.924597     0.512346    -0.787093     -1.01581    -0.288442     0.701542     0.793268    -0.442068    -0.489124     0.139951    -0.833587     -0.96852     0.709301      0.24197     0.513431     0.535558    -0.547865    -0.413545    -0.509702    0.0543453     0.589395   -0.0683014     0.584413    -0.609239    -0.844385    -0.827389     0.182557     0.404701    -0.306045    -0.747506      1.00282,
    0.37283   -0.272437    0.327428   -0.414135
   0.654272   0.0716403    0.459385     0.44903
   0.926264    0.538417   0.0413167    0.451186
   0.112191   -0.430824   -0.588051    -0.24269
   0.590212    -0.32076   -0.235619    0.907036
  -0.624068     0.18158    0.742136   -0.428672
  -0.627624   -0.141496    0.138399   -0.713337
   0.485433      0.5143   -0.383071   -0.459881
  -0.909027   -0.344333    0.698631   -0.750842
   0.593659   -0.821601   -0.512784   -0.630863
   0.634277    0.258361    -0.62544   -0.631549
  -0.451697     -0.2933   -0.889009   0.0996198
  0.0290996     0.24764  -0.0466542    0.660771
   0.788662   -0.194864   -0.385689   -0.163059
  -0.455569      0.4046    0.797443   -0.561423
  -0.614749    0.032248   0.0492003   -0.437021
  -0.257272    0.204477    0.617119   -0.372314
  -0.549524 -0.00963904   -0.988765    0.929113
  -0.994587   -0.818408   -0.417159    0.188473
  0.0458729    0.018486    0.302297    0.156737
   0.287494   -0.259205  -0.0894501  -0.0307898
   0.412383   -0.286271    0.244222   -0.231471
   0.660264   -0.577939   -0.711205    0.878074
  -0.869457    0.687995   -0.443978    0.126141
  -0.229728    0.447456   -0.621114    0.357391
  -0.771465    0.594799    0.908409   -0.536243
   0.630291    -1.06251    0.973867   -0.881628
  -0.372401    0.404457   -0.376221  -0.0160174
   0.239781    0.762606   -0.383446   -0.830516
  -0.504376   -0.676464    0.678793   -0.958535
  -0.486794   -0.791626  -0.0377867   -0.804119
  -0.579603    0.394321    -0.52518     0.90662
   0.787615   -0.548656    0.286669    0.412843

